Date,Open,High,Low,Close,Volume,Dividends,Stock Splits
2025-04-10 00:00:00-04:00,189.07000732421875,194.77999877929688,183.0,190.4199981689453,121880000,0.0,0.0
2025-04-11 00:00:00-04:00,186.10000610351562,199.5399932861328,186.05999755859375,198.14999389648438,87435900,0.0,0.0
2025-04-14 00:00:00-04:00,211.44000244140625,212.94000244140625,201.16000366210938,202.52000427246094,101352900,0.0,0.0
2025-04-15 00:00:00-04:00,201.86000061035156,203.50999450683594,199.8000030517578,202.13999938964844,51343900,0.0,0.0
2025-04-16 00:00:00-04:00,198.36000061035156,200.6999969482422,192.3699951171875,194.27000427246094,59732400,0.0,0.0
2025-04-17 00:00:00-04:00,197.1999969482422,198.8300018310547,194.4199981689453,196.97999572753906,51334300,0.0,0.0
2025-04-21 00:00:00-04:00,193.27000427246094,193.8000030517578,189.80999755859375,193.16000366210938,46742500,0.0,0.0
2025-04-22 00:00:00-04:00,196.1199951171875,201.58999633789062,195.97000122070312,199.74000549316406,52976400,0.0,0.0
2025-04-23 00:00:00-04:00,206.0,208.0,202.8000030517578,204.60000610351562,52929200,0.0,0.0
2025-04-24 00:00:00-04:00,204.88999938964844,208.8300018310547,202.94000244140625,208.3699951171875,47311000,0.0,0.0
2025-04-25 00:00:00-04:00,206.3699951171875,209.75,206.1999969482422,209.27999877929688,38222300,0.0,0.0
2025-04-28 00:00:00-04:00,210.0,211.5,207.4600067138672,210.13999938964844,38743100,0.0,0.0
2025-04-29 00:00:00-04:00,208.69000244140625,212.24000549316406,208.3699951171875,211.2100067138672,36827600,0.0,0.0
2025-04-30 00:00:00-04:00,209.3000030517578,213.5800018310547,206.6699981689453,212.5,52286500,0.0,0.0
2025-05-01 00:00:00-04:00,209.0800018310547,214.55999755859375,208.89999389648438,213.32000732421875,57365700,0.0,0.0
2025-05-02 00:00:00-04:00,206.08999633789062,206.99000549316406,202.16000366210938,205.35000610351562,101010600,0.0,0.0
2025-05-05 00:00:00-04:00,203.10000610351562,204.10000610351562,198.2100067138672,198.88999938964844,69018500,0.0,0.0
2025-05-06 00:00:00-04:00,198.2100067138672,200.64999389648438,197.02000427246094,198.50999450683594,51216500,0.0,0.0
2025-05-07 00:00:00-04:00,199.1699981689453,199.44000244140625,193.25,196.25,68536700,0.0,0.0
2025-05-08 00:00:00-04:00,197.72000122070312,200.0500030517578,194.67999267578125,197.49000549316406,50478900,0.0,0.0
2025-05-09 00:00:00-04:00,199.0,200.5399932861328,197.5399932861328,198.52999877929688,36415700,0.0,0.0